S01 5 2015 3 6 2015 4 6 语言问题 1 2015 3 6 2015 4 6 语言与文化 1 2015 3 6 2015 4 6 马氏文通 1 2015 3 6 2015 4 6 经济增长理论 1 2015 3 6 2015 4 6 新发展经济学 1
S02 4 2015 3 4 2015 4 4 发展经济学的先驱 1 2015 3 4 2015 4 4 经济学原理 1 2015 3 4 2015 5 4 货币金融学 2 2015 3 5 2015 5 5 公司理财 2
S03 4 2015 3 3 2015 4 3 政府经济学 1 2015 3 3 2015 4 3 增量民主与善治 1 2015 3 3 2015 4 3 法学概论 1 2015 3 7 2015 4 7 中国法律发达史 1
S04 3 2015 3 14 2015 4 14 计算机网络 1 2015 3 14 2015 5 14 高等数学 2 2015 3 18 2015 4 18 网络工程与网络管理 1
S05 3 2015 3 15 2015 4 15 通信原理 1 2015 3 15 2015 4 15 名作欣赏 1 2015 3 20 2015 4 20 齐鲁护理杂志 1
S06 4 2015 3 9 2015 4 9 西文工具书 1 2015 3 19 2015 4 19 西文工具书 1 2015 3 24 2015 4 24 四六级必备词汇 1 2015 3 24 2015 4 24 电子商务平台建设 1
S07 4 2015 3 4 2015 4 4 电子商务管理 1 2015 3 4 2015 4 4 实用日语文法 1 2015 3 7 2015 4 7 江户川乱步全集 1 2015 3 7 2015 4 7 地理学中的数学方法 1
S08 3 2015 3 18 2015 4 18 人文地理学野外方法 1 2015 3 18 2015 4 18 生物学 1 2015 3 20 2015 5 20 生命是什么 2
S09 5 2015 3 5 2015 4 5 DNA科学导论 1 2015 3 8 2015 4 8 现代主义建筑 1 2015 3 18 2015 4 18 交往与空间 1  2015 3 19 2015 5 19 走向新建筑 2 2015 3 19 2015 4 19 街道的美学 1
S10 3 2015 3 4 2015 4 4 中国古代音乐史略 1 2015 3 4 2015 4 4 先秦音乐史 1 2015 3 5 2015 5 5 人民音乐出版社 2
S11 4 2015 3 9 2015 4 9 中国音乐美学史 1 2015 3 9 2015 4 9 电子信息专业英语 1 2015 3 19 2015 5 19 电子工程师手册 2 2015 3 19 2015 4 19 电子信息工程专业英语 1
S12 3 2015 3 18 2015 4 18 当代广告学 1 2015 3 20 2015 4 20 广告运动策略新论 1 2015 3 20 2015 5 20 麦肯的方法 2
T01 3 2015 3 18 2015 4 18 高分子化学 1 2015 3 18 2015 4 18 分析化学 1 2015 3 21 2015 4 21 物理化学简明教程 1
T02 4 2015 3 6 2015 4 6 通信原理 1 2015 3 6 2015 4 6 dsp原理及其应用 1 2015 3 10 2015 5 10 GSM数字移动通信基础 2 2015 3 20 2015 4 20 CDMA蜂窝移动通信 1
T03 3 2015 3 5 2015 4 5 心灵的激情 1 2015 3 5 2015 4 5 存在心理学 1 2015 3 8 2015 4 8 货币金融学 1
T04 4 2015 3 10 2015 4 10 电子商务管理 1 2015 3 10 2015 4 10 走向新建筑 1 2015 3 15 2015 5 15 电子信息工程专业英语 2 2015 3 15 2015 4 15 当代广告学 1
T05 3 2015 3 18 2015 4 18 析化学 1 2015 3 18 2015 4 18 GSM数字移动通信基础 1 2015 3 20 2015 4 20 CDMA蜂窝移动通信 1
